$ANSIBLE_VAULT;1.1;AES256
39666539663263333063626133383236376131326663383431366339636562343530326430356636
3263343038623930333634646134643039373662326665340a383732663136316636663334386165
35303633333731323333383835393039653864383836363031323165346266666362363437373734
6364393962336538360a346430613763323931373537336562346661356362336430613766663035
63373164393738336366353230316139346266653136336663386664373130363663343364616330
31616336316431323635326265383832623139373761663036353566653435366135656432353164
61363737303236353763316530343561356466363331343764613130663762353834363865353739
65343239356362303336313431663533613235333039653964666165623232396232613332383165
30363436636666316638653839623233303466376234643735383261313461333665333632396364
33373762333031356531626436326430333138623438626633336464643761366632363537393262
62633039626430613438616666383438383163343537363235366233363639343361366331343561
35633262323961666635366366363438373931326366323163633662613263326164393436636166
39656334323464376137613336366435383664653962336136323238333661303864333063613136
62653764373163306332646136306134376262336234333562336466653364623831666331613835
35356163646536303533623862303334656238323532346531383565313337643736663034313662
39613763633765626135643764396466313961303337636363646239373639343830666235616465
64663234623738343630383134333530393862656531306138313634386536396133336366323163
66343033396133373331333163653639633338383764373163363938363132623036333561666130
30326163393363646366396635333131613035633664636438623534613130636432343031336637
36613433373336656664383662313630613661633633323766636637646366393632353330383137
32656331333836626162643738663664663239363432323337343739353538626636653862636438
31623831306539353030353363636338396531643430363336306133313139656539643136616433
66373531383464613032656139353735346335623937393732336438353464656565613739643538
32376338323231393033323162643630383730376133653834383162663665613662366265646366
35366135616565353863356638393164373565366337386332313936343566656136616630313131
65653139646633306235386437643936326337383632376266313533633065383236656434303564
32343933353130666637323331623162383036353563336134313765343666376233396466626361
30373466336434303336643462343438643137633732623533353264313263366435393531616238
38353438643764313232323630663765396334313637383235633738316237346166383963623330
34666635616562623535333563303937616536376236623063383263643338363237303863666230
65306635626435366431643336656431643835386536346164386234666433616130373938346562
31353261643862663337333463336565343061306562366539313132376633653661643630393063
38373665613033353832666239373432376336383365623030623932656364363332646631303537
36333134656532326263323161393335623030613536643266306537646638646433373037393663
61393063336331666139613736313533663862626562636262633731656138373065326663343263
65383433663836336339663264656163363338613663363838393233323037656239663238383566
35373565323430303339646132306435616638386165306165326434353830616561626133323266
36343661336632346637656136306435373036383464346562613333353832613163636338373737
62313039643061383735636336346335383433363764333638303131373738323865626264653436
39396138343834303136643962626164663736623331346639613339393038393465666438613736
62303837616530613261353339323365336239623033653538633634383866653065663630363165
36303631333531343864306365616664646162623634393965636131396162303066326564303039
63306330663362373361656433613736333339353337653062623965306366373239373739376335
39313033373732626665346163363733666437306562613933373532326430376437626533323037
37663631646631333931303532333536336238653736653433303633383139303463303666393935
37346462653934666561373532373038383238313137323461636661616230636636316462643739
31616362386539323134303735316163333932353739373862653162336234356231383865626637
33656666376661623932303565373466393539616433386634666634363061616432616334316236
63633064616632623366363832336631636135353230643932373138363538303734626130613132
61646564313061313265623432646566393230663861653861333630386639636665613761323466
63363363373563333738633835646538393239653866333963663738383138653537343261386561
65616437303438653437363464646137616330333738383337353166396231333863336262393261
63626130303339306432363664313634623266616165653966663339323664393261323632616430
33663538363361393031636537353664373633343337643130613865643233343133336465313833
38333966323332366434336264383666393161663263303666623439653061393735366136363564
36353062313735386331303434666539613435383063643230346161363861363039663635386535
31656231643030303964336639363931653163323465666633306634633764616563643138316666
33393034326566323338343934393665383532336635663030636132356235323263363234626161
37346562666639373734663039653064616365613166656436323265343535363465656330336539
39653763633931326337313136353135306237646333363835323030333361333937363937636136
63623339633434633531343563333733356133636433363761303363336364633938363263633536
33666361366363666464623464333763306339383164663430643661353132343263643034623461
36343762393139333830663136313534633732636464353035623534663330363930356234373234
64633132633234323436626137366362613934643030373938333433616330333739303836633764
66363934653164363333613630316134636335653034613364396635656266643230633635626664
65616536336665656537363335653439656262633761346638653732306137396266633439303463
38366236363733326634326235653433383036353734383837613635333735663966336332326135
38313835373161626637366661666165386461383138356264646462663038333732623338613163
65643331363838323461343030643435393130636466653137633236363765623362366665356633
36633233623930393838303135356337386461636631393365343531303565653166313436353132
66633862373565643537373662363030373762396465316637376138663630646137646261396437
66333564656637326239623932323133303035326530363435623637363065363231343931643764
31616233373635623363613631326233383864666262366466336534616630323535656564616631
34396138366133633233386330333063363166633862323761626462626636386537666638396639
37306232393437356662393765336665323563613663336336336266643861633364656538656534
37306163386435313864333130363534326163386566336433363363346230383739303437393763
32616166363031666664626262663335303133636432623061343762363538383839363833653264
33633563376433333063393662666437346362356264393739333963343863336438343863373262
65323932363766653838303930623631613338336335356433633234326235333131616635313232
66393235396138633730316161656163323730396339313934393438376335643533386435623663
63303662376338646262353966633833656435383364343566643736373164346330346662656164
37356661313264386464313238623362396435663439346339333231633034316235633431393635
39666635633332323861383961393535393264386438363465366130383530356632386366613633
62303865313263366636306432643832663766393333613535323166306363623263393863366538
38366334626431343930663537666433393066383034323666373935626334613337336234633538
39653334646464663930343361366662613130353063366434323439313130663161303032343962
65626636336263666636353261343230333731313933613863656166623239333538646238393962
36303835343538656164616432306535323663363433313833353234613231663961646139396231
39383332346130306538363836313637356565613061643065373932373935306663383964343833
35653035383864326662666337356261376334333738633038353039616239396232333963323536
36346161363261356232306365653239363563383136636538633763626430326638626635656136
64326164663962386330373561616439623236353132633233386530643333333439396439383334
3530
